-- Problem - problem
Rotate vector to right to _k_ positions

Given number _n_ - amount of digits, then _n_ digits and _k_;

rotate and print new list

Contraints:
1 <= nums.length <= 1e5
-231 <= nums[i] <= 231 - 1
0 <= k <= 1e5
k could be larger than n

-- Visible:
Input_0:
7 3
1 2 3 4 5 6 7
Output_0:
5 6 7 1 2 3 4

Input_1:
10 4
1 6 5 4 3 7 2 8 9 10
Output_1:
2 8 9 10 1 6 5 4 3 7

-- Not visible:
Input_0:
24 32
943160 698940 153803 178606 904482 240754 56621 84767 692389 856126 226360 102497 448579 453076 123061 215320 379540 63787 433981 384191 911690 549750 824431 352871

Output_0:
379540 63787 433981 384191 911690 549750 824431 352871 943160 698940 153803 178606 904482 240754 56621 84767 692389 856126 226360 102497 448579 453076 123061 215320 

Input_1:
135 103
232 36 211 367 785 778 823 377 588 654 938 191 56 686 635 422 888 308 488 715 62 950 60 781 303 137 186 735 916 580 562 498 196 380 459 658 399 194 140 729 263 260 669 583 61 164 819 651 165 874 754 321 538 594 970 540 839 517 787 64 596 458 955 118 141 386 320 995 272 265 737 340 562 386 477 447 132 448 585 717 296 97 397 915 324 430 388 208 497 402 896 698 768 721 522 783 798 832 496 730 887 50 971 19 212 269 318 927 146 553 420 326 345 265 89 193 30 988 3 392 968 346 731 80 713 688 747 919 716 822 502 382 786 640 477
Output_1:
196 380 459 658 399 194 140 729 263 260 669 583 61 164 819 651 165 874 754 321 538 594 970 540 839 517 787 64 596 458 955 118 141 386 320 995 272 265 737 340 562 386 477 447 132 448 585 717 296 97 397 915 324 430 388 208 497 402 896 698 768 721 522 783 798 832 496 730 887 50 971 19 212 269 318 927 146 553 420 326 345 265 89 193 30 988 3 392 968 346 731 80 713 688 747 919 716 822 502 382 786 640 477 232 36 211 367 785 778 823 377 588 654 938 191 56 686 635 422 888 308 488 715 62 950 60 781 303 137 186 735 916 580 562 498 